Welcome to SKKU Marble
0 0 0 0 0 0 0 0
Hidden Card
-1 0 0 0 0 0 0 0
Nat Sci 1
2000 1500 3000 5000
1500 4500 11500 23000
Nat Sci 2
2200 1800 3300 5500
1700 5000 14000 23000
In-Gwan
2500 -1 -1 -1
2500 -1 -1 -1
Probation
0 0 0 0 0 0 0 0
Business
4000 3500 7500 10000
3000 10000 21000 31000
Law Build
4400 4000 8200 11500
3500 12000 26000 40500
Hidden Card
-1 0 0 0 0 0 0 0
Ui-Gwan
5000 -1 -1 -1
5000 -1 -1 -1
Go Back!
0 0 0 0 0 0 0 0
Engineer 1
5800 5000 12000 18000
5000 18000 33000 58000
Engineer 2
6500 6000 13000 20000
6000 20500 31000 65000
Ye-Gwan
7500 -1 -1 -1
7500 -1 -1 -1
Hidden Card
-1 0 0 0 0 0 0 0
Shuttle bus
0 0 0 0 0 0 0 0
Ji-Gwan
10000 -1 -1 -1
10000 -1 -1 -1
Gamble
-1 -1 -1 -1 -1 -1 -1 -1
600th Bui
15000 12000 19000 23000
15000 33400 65000 95000
Digi Lib
18000 17000 25000 30000
17000 40000 74000 110000